1278739273914257449
1224428436928594015
328601656659017732
1138915296959287468
1107633105185013790
1287900278649126973
1105784833000615966
760183609222758501
987492370616561714
946199839111266354
841429450867474432
1222200013489180743
1220324061213622353
896779071164403822
1233440156128641065
970328921893646390
919618776620748831
1337
817203029291040819
871944171081043989
991087101925797889
776667871173541909
405758248407531521
1208076026727501824
1297224185885622293
894003364717789206
970963000569790495
813992163377414156
468983200597934080
519526528506396693
448165791540445194
905647386297258015
976350486401810483
933055368924389377
1095015786835345428
1142375914957713480
1260317833532014805
1190122205485477898
1202494597159456841
1241824780639010919
794759440158294066
922049586162442270
973986241202753586
1005906463740403752
1263709535919673365
1333530244665053277
458274243055058944
594674047930073111
625662297033146368
782242542095826946
808433759476383755
825023944032518225
919526807374553151
1101738237036343337
1136596961764573225
1212650495974580295
1215665502970581004
1225681464449044481
1226227679183765534
1380060117709361245
443414647907811339
850315742112514089
896934865507872778
902990329446277150
